2 0.21875 0.2875 0.2046875 0.1875
2 0.11640625 0.60390625 0.2328125 0.2515625
2 0.5671875 0.303125 0.2125 0.203125
2 0.89375 0.15234375 0.196875 0.1875
2 0.91875 0.371875 0.1625 0.23125
2 0.54609375 0.63203125 0.265625 0.2609375
2 0.94453125 0.67578125 0.1109375 0.290625
1 0.11328125 0.6046875 0.221875 0.05
1 0.21953125 0.28125 0.19375 0.0625
1 0.5671875 0.29453125 0.203125 0.0546875
1 0.54609375 0.6484375 0.253125 0.075
1 0.89453125 0.14609375 0.1859375 0.0484375
1 0.921875 0.37109375 0.15625 0.0515625
1 0.95 0.66328125 0.1 0.065625
0 0.890625 0.15078125 0.1765625 0.0484375
0 0.9484375 0.6640625 0.103125 0.059375
0 0.0578125 0.6015625 0.0578125 0.059375