2 0.71796875 0.03359375 0.5640625 0.0671875
2 0.15859375 0.03359375 0.3171875 0.0671875
2 0.71640625 0.22265625 0.5671875 0.1390625
2 0.1703125 0.2296875 0.340625 0.146875
2 0.734375 0.478125 0.53125 0.140625
2 0.18359375 0.5015625 0.3671875 0.1484375
2 0.74921875 0.79296875 0.5015625 0.1859375
2 0.18984375 0.82578125 0.3796875 0.1671875
0 0.73984375 0.01328125 0.5203125 0.0265625
1 0.16484375 0.225 0.3296875 0.034375
1 0.72734375 0.21640625 0.5453125 0.0390625
1 0.17421875 0.5140625 0.3484375 0.04375
1 0.7453125 0.475 0.509375 0.0375
0 0.7578125 0.45546875 0.0921875 0.078125
1 0.17890625 0.83125 0.3578125 0.053125
1 0.765625 0.77265625 0.46875 0.0828125