2 0.54140625 0.6875 0.428125 0.41875
2 0.0921875 0.29609375 0.184375 0.26875
2 0.53203125 0.28828125 0.2984375 0.284375
2 0.1578125 0.08125 0.215625 0.1625
2 0.52890625 0.08515625 0.234375 0.1703125
1 0.0890625 0.303125 0.178125 0.0859375
1 0.1578125 0.040625 0.203125 0.0765625
1 0.52578125 0.078125 0.2140625 0.0640625
1 0.53203125 0.2703125 0.2828125 0.075
1 0.540625 0.66171875 0.3984375 0.1265625
0 0.62578125 0.65390625 0.0984375 0.153125
0 0.51953125 0.65625 0.0796875 0.1203125
0 0.503125 0.26953125 0.221875 0.0859375
0 0.03203125 0.73828125 0.0625 0.0859375