2 0.1609375 0.1109375 0.0875 0.221875
2 0.2546875 0.1015625 0.103125 0.203125
2 0.3703125 0.09609375 0.1125 0.1921875
2 0.53203125 0.09921875 0.1359375 0.1984375
2 0.77734375 0.08515625 0.2 0.1703125
2 0.225 0.53671875 0.103125 0.2890625
2 0.3546875 0.5953125 0.1109375 0.34375
2 0.52109375 0.6125 0.1453125 0.40625
2 0.740625 0.70703125 0.1921875 0.46875
1 0.15625 0.10078125 0.015625 0.2015625
1 0.2578125 0.0859375 0.0234375 0.171875
1 0.36328125 0.08828125 0.01875 0.1765625
1 0.52890625 0.08359375 0.0234375 0.1671875
1 0.221875 0.53828125 0.0265625 0.2625
1 0.35703125 0.5984375 0.028125 0.3125
1 0.52734375 0.621875 0.0359375 0.3515625
1 0.74609375 0.72578125 0.0359375 0.403125
0 0.15703125 0.10078125 0.0171875 0.2015625
0 0.79453125 0.05625 0.0421875 0.1125