2 0.12890625 0.25625 0.1765625 0.2515625
2 0.4890625 0.26875 0.1734375 0.2453125
2 0.83125 0.28046875 0.1921875 0.246875
2 0.10234375 0.5578125 0.1703125 0.234375
2 0.48515625 0.5703125 0.1671875 0.2375
2 0.81328125 0.57578125 0.1875 0.2359375
2 0.10625 0.846875 0.1765625 0.2359375
2 0.475 0.84765625 0.203125 0.2375
2 0.790625 0.84765625 0.1859375 0.2296875
1 0.13203125 0.25625 0.053125 0.2390625
1 0.484375 0.26796875 0.0265625 0.23125
1 0.825 0.28046875 0.06875 0.2296875
1 0.0953125 0.5578125 0.04375 0.2234375
1 0.46796875 0.56875 0.0390625 0.2203125
1 0.82109375 0.57734375 0.0625 0.2203125
1 0.1265625 0.84609375 0.0703125 0.2171875
1 0.48046875 0.846875 0.0390625 0.221875
1 0.8015625 0.846875 0.059375 0.2171875
0 0.13671875 0.16171875 0.078125 0.0390625
0 0.13515625 0.3296875 0.06875 0.04375
0 0.48515625 0.24921875 0.0453125 0.19375
0 0.503125 0.83984375 0.1109375 0.0328125
0 0.49296875 0.74921875 0.0703125 0.0203125
0 0.80234375 0.84765625 0.0828125 0.046875
0 0.0921875 0.4828125 0.059375 0.0390625