2 0.321875 0.1734375 0.64375 0.1875
2 0.9203125 0.1640625 0.159375 0.1796875
2 0.3234375 0.5203125 0.646875 0.2
2 0.91328125 0.5015625 0.1734375 0.178125
2 0.33046875 0.865625 0.6609375 0.2234375
2 0.9109375 0.84296875 0.178125 0.19375
1 0.30859375 0.1890625 0.6171875 0.053125
1 0.3015625 0.5296875 0.603125 0.0609375
1 0.31171875 0.87578125 0.6234375 0.0640625
1 0.92734375 0.49921875 0.1453125 0.040625
1 0.93515625 0.15859375 0.1296875 0.0359375
1 0.92578125 0.83359375 0.1484375 0.0453125
0 0.5390625 0.18515625 0.121875 0.065625