2 0.09609375 0.75078125 0.1921875 0.19375
2 0.1484375 0.41640625 0.175 0.1546875
2 0.221875 0.16328125 0.1546875 0.1453125
2 0.46796875 0.16640625 0.1546875 0.1515625
2 0.459375 0.41328125 0.16875 0.1640625
2 0.42890625 0.7484375 0.2203125 0.2046875
2 0.734375 0.15234375 0.16875 0.1625
2 0.76953125 0.37734375 0.1828125 0.165625
2 0.81015625 0.7359375 0.2359375 0.215625
1 0.09453125 0.7484375 0.1890625 0.065625
1 0.16796875 0.41484375 0.1328125 0.053125
1 0.22265625 0.171875 0.1484375 0.0359375
1 0.46796875 0.16171875 0.146875 0.03125
1 0.46328125 0.4015625 0.1484375 0.046875
1 0.4328125 0.75 0.203125 0.053125
1 0.77421875 0.7375 0.1515625 0.05
1 0.73515625 0.14765625 0.1609375 0.0453125
0 0.8859375 0.746875 0.0765625 0.1515625
0 0.76953125 0.36796875 0.1796875 0.0390625