2 0.878125 0.54375 0.24375 0.2640625
2 0.45546875 0.57578125 0.2453125 0.25
2 0.075 0.5484375 0.15 0.228125
2 0.140625 0.20703125 0.2109375 0.1984375
2 0.46875 0.221875 0.2125 0.2078125
2 0.8125 0.23125 0.2453125 0.23125
1 0.878125 0.53671875 0.23125 0.065625
1 0.46015625 0.55390625 0.2125 0.0625
1 0.0734375 0.56328125 0.146875 0.0671875
1 0.14140625 0.21875 0.1984375 0.046875
1 0.47109375 0.2265625 0.1984375 0.046875
1 0.8203125 0.22109375 0.2234375 0.0671875
0 0.88203125 0.53828125 0.2265625 0.0515625
0 0.46796875 0.228125 0.2 0.0375
0 0.075 0.565625 0.15 0.0515625