2 0.6625 0.440625 0.2953125 0.88125
2 0.3265625 0.35859375 0.1765625 0.59375
2 0.14921875 0.33203125 0.1421875 0.46875
2 0.04296875 0.33046875 0.08125 0.3828125
2 0.04921875 0.85078125 0.090625 0.2984375
2 0.14765625 0.90703125 0.11875 0.1859375
1 0.6609375 0.44375 0.05 0.85
0 0.6625 0.33359375 0.075 0.1328125
0 0.6640625 0.11484375 0.06875 0.153125
1 0.3171875 0.33125 0.0453125 0.5359375
1 0.14921875 0.32890625 0.028125 0.4234375
1 0.0484375 0.328125 0.021875 0.34375
1 0.03671875 0.90546875 0.0171875 0.1890625
1 0.153125 0.9140625 0.025 0.171875
0 0.053125 0.778125 0.065625 0.1140625