2 0.096875 0.803125 0.19375 0.2734375
2 0.1609375 0.4296875 0.23125 0.2203125
2 0.23359375 0.196875 0.18125 0.19375
2 0.57578125 0.05234375 0.1609375 0.1046875
2 0.55546875 0.2125 0.19375 0.1875
2 0.5625 0.48671875 0.234375 0.2515625
2 0.5265625 0.86171875 0.2765625 0.2765625
2 0.871875 0.07421875 0.1875 0.1484375
2 0.9 0.2375 0.2 0.190625
2 0.9171875 0.50078125 0.165625 0.2296875
1 0.525 0.86171875 0.25625 0.0578125
1 0.0921875 0.79921875 0.184375 0.0625
1 0.16328125 0.4359375 0.2140625 0.0515625
1 0.56171875 0.48515625 0.2171875 0.0484375
1 0.925 0.48203125 0.15 0.0484375
1 0.9046875 0.221875 0.190625 0.034375
1 0.5578125 0.2265625 0.1859375 0.046875
1 0.2328125 0.19921875 0.165625 0.046875
1 0.57734375 0.0203125 0.1515625 0.040625
1 0.871875 0.071875 0.171875 0.0359375
0 0.16328125 0.43671875 0.2203125 0.0375
0 0.971875 0.93984375 0.05625 0.1046875
0 0.2015625 0.196875 0.10625 0.0484375
0 0.93828125 0.48046875 0.1015625 0.0640625