2 0.15078125 0.16328125 0.1765625 0.1609375
2 0.07890625 0.4234375 0.1578125 0.2109375
2 0.04375 0.796875 0.0875 0.240625
2 0.42265625 0.1515625 0.175 0.1640625
2 0.409375 0.40625 0.1953125 0.1953125
2 0.37421875 0.778125 0.2671875 0.2375
2 0.71875 0.11875 0.1921875 0.1703125
2 0.7640625 0.3484375 0.20625 0.19375
2 0.82578125 0.7453125 0.28125 0.24375
1 0.7203125 0.11484375 0.184375 0.0546875
1 0.42265625 0.14765625 0.165625 0.040625
1 0.1546875 0.1640625 0.1640625 0.0484375
1 0.07734375 0.42890625 0.1515625 0.075
1 0.41484375 0.3890625 0.1703125 0.06875
1 0.7734375 0.7421875 0.1734375 0.084375
0 0.040625 0.81640625 0.08125 0.059375
0 0.76171875 0.34375 0.1921875 0.05
0 0.9234375 0.76328125 0.0703125 0.175
1 0.37578125 0.78203125 0.253125 0.08125