2 0.89296875 0.125 0.2140625 0.21875
2 0.178125 0.28359375 0.2171875 0.2109375
2 0.54296875 0.2953125 0.2203125 0.2203125
2 0.915625 0.3625 0.16875 0.24375
2 0.0875 0.62890625 0.175 0.2671875
2 0.5125 0.65078125 0.2828125 0.2828125
2 0.93984375 0.69453125 0.1203125 0.3078125
1 0.1796875 0.27578125 0.2046875 0.05625
1 0.5453125 0.2890625 0.2109375 0.0546875
1 0.89453125 0.1125 0.196875 0.0625
1 0.91796875 0.3671875 0.1640625 0.0625
1 0.94453125 0.678125 0.1109375 0.059375
1 0.5125 0.6671875 0.2671875 0.075
1 0.08125 0.6421875 0.1625 0.0625
0 0.084375 0.64453125 0.16875 0.0546875
0 0.89609375 0.11953125 0.2046875 0.053125
0 0.94296875 0.6828125 0.1140625 0.05625