2 0.16953125 0.0984375 0.0921875 0.196875
2 0.265625 0.09375 0.10625 0.1875
2 0.3828125 0.0859375 0.1171875 0.171875
2 0.55234375 0.08828125 0.1390625 0.1765625
2 0.81328125 0.071875 0.2109375 0.14375
2 0.23125 0.52734375 0.103125 0.3046875
2 0.36015625 0.5921875 0.1109375 0.365625
2 0.53984375 0.6125 0.15625 0.4140625
2 0.76953125 0.70703125 0.209375 0.4875
1 0.54375 0.06953125 0.01875 0.1390625
1 0.3765625 0.0765625 0.021875 0.153125
1 0.26875 0.08046875 0.021875 0.1609375
1 0.16640625 0.08984375 0.021875 0.1796875
1 0.2265625 0.525 0.0296875 0.271875
1 0.36796875 0.58671875 0.028125 0.3203125
1 0.54140625 0.61484375 0.04375 0.36875
1 0.7765625 0.72578125 0.0359375 0.4140625
0 0.378125 0.07890625 0.021875 0.1578125
0 0.1671875 0.08984375 0.021875 0.1796875
0 0.83515625 0.0390625 0.0484375 0.078125