2 0.6578125 0.21484375 0.290625 0.4296875
2 0.33125 0.153125 0.1859375 0.30625
2 0.15703125 0.15234375 0.1296875 0.3046875
2 0.05390625 0.16171875 0.1078125 0.3234375
2 0.0453125 0.69375 0.090625 0.35625
2 0.14375 0.7859375 0.1375 0.428125
2 0.31953125 0.8796875 0.184375 0.240625
1 0.67578125 0.18671875 0.046875 0.3734375
1 0.3078125 0.134375 0.0375 0.26875
1 0.1375 0.14609375 0.025 0.2921875
1 0.0359375 0.15234375 0.025 0.3046875
1 0.0359375 0.76015625 0.0203125 0.21875
1 0.14765625 0.79765625 0.0234375 0.3828125
1 0.315625 0.88671875 0.03125 0.2265625
0 0.0453125 0.6 0.0578125 0.1265625
0 0.65625 0.97578125 0.065625 0.0484375