2 0.2125 0.24296875 0.2109375 0.2859375
2 0.6265625 0.2359375 0.215625 0.2859375
2 0.1953125 0.60703125 0.2125 0.271875
2 0.62890625 0.6015625 0.2015625 0.225
2 0.18984375 0.925 0.2015625 0.15
2 0.625 0.93125 0.2 0.1375
1 0.20625 0.24296875 0.05625 0.2703125
1 0.6328125 0.2375 0.04375 0.26875
1 0.19296875 0.61015625 0.05625 0.2578125
1 0.6296875 0.596875 0.0453125 0.2
1 0.19609375 0.928125 0.0515625 0.14375
1 0.628125 0.934375 0.05 0.13125
0 0.19453125 0.6140625 0.0546875 0.2515625
0 0.1953125 0.94609375 0.0578125 0.0609375