2 0.94453125 0.7734375 0.1109375 0.2890625
2 0.5515625 0.740625 0.278125 0.30625
2 0.1078125 0.66328125 0.215625 0.25625
2 0.17734375 0.34140625 0.2171875 0.2046875
2 0.54765625 0.36484375 0.2234375 0.2203125
2 0.9171875 0.40078125 0.165625 0.2390625
2 0.9 0.18125 0.2 0.209375
2 0.5703125 0.1265625 0.190625 0.1765625
2 0.265625 0.11015625 0.1859375 0.178125
2 0.86171875 0.04921875 0.175 0.0984375
1 0.1046875 0.66953125 0.209375 0.065625
1 0.55546875 0.74140625 0.26875 0.0890625
1 0.17734375 0.34921875 0.1984375 0.0625
1 0.5484375 0.3828125 0.2140625 0.065625
1 0.95 0.75234375 0.1 0.0640625
1 0.9234375 0.39296875 0.153125 0.0515625
1 0.90390625 0.18203125 0.1921875 0.053125
1 0.57265625 0.1234375 0.16875 0.053125
1 0.26796875 0.1015625 0.171875 0.05
0 0.8625 0.0140625 0.1671875 0.028125
0 0.1796875 0.67265625 0.040625 0.0859375
0 0.05625 0.66953125 0.1125 0.071875
0 0.17265625 0.34609375 0.19375 0.0546875
0 0.978125 0.746875 0.04375 0.1
0 0.91953125 0.3921875 0.1609375 0.0625