2 0.128125 0.2515625 0.1671875 0.1984375
2 0.41875 0.253125 0.1625 0.196875
2 0.6796875 0.25234375 0.1453125 0.1890625
2 0.89921875 0.25 0.1375 0.1859375
2 0.1375 0.4890625 0.1578125 0.19375
2 0.4421875 0.4890625 0.146875 0.1859375
2 0.69921875 0.48359375 0.1390625 0.184375
2 0.91953125 0.47421875 0.1390625 0.1796875
2 0.1734375 0.72421875 0.1578125 0.1953125
2 0.4640625 0.709375 0.1328125 0.1875
2 0.7125 0.69765625 0.1375 0.184375
2 0.93359375 0.69609375 0.1328125 0.1828125
1 0.1359375 0.2515625 0.05625 0.1859375
1 0.4125 0.253125 0.0328125 0.1734375
1 0.671875 0.253125 0.0390625 0.1765625
1 0.90390625 0.25234375 0.034375 0.175
1 0.1296875 0.4921875 0.0515625 0.1796875
1 0.42890625 0.48828125 0.0421875 0.1734375
1 0.70546875 0.484375 0.04375 0.1734375
1 0.9265625 0.475 0.04375 0.1703125
1 0.1890625 0.7203125 0.078125 0.171875
1 0.4703125 0.7109375 0.0390625 0.1765625
1 0.715625 0.696875 0.0390625 0.171875
1 0.92578125 0.69609375 0.0765625 0.16875
0 0.13125 0.171875 0.071875 0.03125
0 0.490625 0.70390625 0.0734375 0.0265625
0 0.92734375 0.6953125 0.0796875 0.1765625