2 0.509375 0.23359375 0.265625 0.2703125
2 0.5203125 0.5515625 0.359375 0.3359375
2 0.04765625 0.553125 0.09375 0.3296875
2 0.10078125 0.20625 0.2015625 0.253125
1 0.10234375 0.1890625 0.2 0.0671875
1 0.04453125 0.5640625 0.0890625 0.0671875
1 0.50859375 0.23046875 0.25 0.0859375
1 0.49453125 0.02578125 0.196875 0.0515625
1 0.5171875 0.525 0.3375 0.090625
0 0.490625 0.028125 0.175 0.05625
0 0.04375 0.56328125 0.0859375 0.059375
0 0.51640625 0.52109375 0.340625 0.09375
0 0.6046875 0.2265625 0.0546875 0.075