2 0.24375 0.1765625 0.1921875 0.196875
2 0.14453125 0.440625 0.2453125 0.2265625
2 0.0890625 0.83359375 0.178125 0.2875
2 0.54375 0.47109375 0.2453125 0.2265625
2 0.56953125 0.196875 0.1953125 0.184375
2 0.55 0.87578125 0.303125 0.2484375
2 0.87578125 0.078125 0.1875 0.15625
2 0.909375 0.26796875 0.18125 0.21875
2 0.928125 0.521875 0.14375 0.25625
1 0.5515625 0.92890625 0.2890625 0.1015625
1 0.084375 0.83984375 0.1671875 0.05
1 0.1421875 0.45390625 0.2125 0.059375
1 0.24375 0.16875 0.1796875 0.0484375
1 0.56953125 0.1953125 0.1796875 0.0484375
1 0.878125 0.06328125 0.1734375 0.05
1 0.9109375 0.265625 0.1734375 0.040625
1 0.93125 0.5046875 0.1375 0.053125
1 0.546875 0.4921875 0.23125 0.0625
0 0.96171875 0.93125 0.0765625 0.075
0 0.9296875 0.5046875 0.140625 0.046875
0 0.14296875 0.45078125 0.21875 0.053125
0 0.86015625 0.06171875 0.1359375 0.059375