2 0.7875 0.240625 0.425 0.178125
2 0.1921875 0.25390625 0.384375 0.1921875
2 0.8 0.5953125 0.4 0.1953125
2 0.22265625 0.58359375 0.4453125 0.1875
2 0.76796875 0.9328125 0.4640625 0.134375
2 0.19921875 0.93046875 0.3984375 0.1359375
1 0.790625 0.2484375 0.41875 0.0609375
1 0.184375 0.26875 0.36875 0.053125
1 0.21328125 0.5640625 0.4265625 0.0546875
1 0.8078125 0.59765625 0.384375 0.0515625
1 0.7734375 0.94765625 0.453125 0.046875
1 0.184375 0.9640625 0.36875 0.04375
0 0.95859375 0.25078125 0.0828125 0.05625