2 0.81640625 0.28203125 0.3671875 0.2171875
2 0.2171875 0.30078125 0.434375 0.2109375
2 0.81875 0.64609375 0.3625 0.2140625
2 0.2421875 0.66953125 0.484375 0.2296875
1 0.83046875 0.296875 0.3390625 0.09375
1 0.2109375 0.2875 0.421875 0.0640625
1 0.83359375 0.63828125 0.3328125 0.0625
1 0.23671875 0.6578125 0.4734375 0.0671875
0 0.82421875 0.29609375 0.3515625 0.1
0 0.9390625 0.603125 0.1140625 0.0453125
0 0.30703125 0.68203125 0.0953125 0.03125
0 0.3828125 0.2828125 0.0875 0.05625
0 0.721875 0.6125 0.1046875 0.040625