2 0.1109375 0.671875 0.221875 0.2484375
2 0.53125 0.7296875 0.2625 0.2890625
2 0.94609375 0.796875 0.1078125 0.3015625
2 0.9109375 0.41328125 0.178125 0.2375
2 0.56171875 0.39609375 0.225 0.2109375
2 0.1921875 0.3578125 0.2171875 0.2046875
2 0.2578125 0.14765625 0.175 0.184375
2 0.56171875 0.1625 0.1875 0.18125
2 0.8953125 0.18046875 0.20625 0.1984375
1 0.8546875 0.0375 0.159375 0.0390625
1 0.2578125 0.15 0.1515625 0.046875
1 0.5625 0.175 0.1703125 0.0453125
1 0.89453125 0.16796875 0.190625 0.046875
1 0.91171875 0.39609375 0.165625 0.0671875
1 0.56328125 0.40234375 0.2109375 0.0671875
1 0.19375 0.35625 0.203125 0.0546875
1 0.10703125 0.65859375 0.2140625 0.0578125
1 0.52734375 0.71953125 0.2390625 0.059375
1 0.953125 0.78359375 0.09375 0.071875
0 0.21796875 0.14609375 0.0890625 0.0734375
0 0.63828125 0.4 0.0546875 0.084375
0 0.93984375 0.390625 0.05625 0.0953125
0 0.190625 0.3578125 0.2 0.0484375
0 0.9484375 0.78125 0.09375 0.10625