2 0.1046875 0.80234375 0.209375 0.284375
2 0.18515625 0.446875 0.2140625 0.20625
2 0.2546875 0.22890625 0.1796875 0.159375
2 0.30390625 0.071875 0.1484375 0.14375
2 0.5609375 0.0765625 0.1640625 0.140625
2 0.5609375 0.25 0.184375 0.1796875
2 0.53359375 0.47421875 0.2046875 0.21875
2 0.50859375 0.8671875 0.3046875 0.265625
2 0.8453125 0.08671875 0.171875 0.1484375
2 0.8796875 0.25 0.2109375 0.1765625
2 0.91328125 0.5171875 0.1734375 0.21875
2 0.93828125 0.86796875 0.1234375 0.2640625
1 0.1 0.7890625 0.1953125 0.0921875
1 0.184375 0.43515625 0.2046875 0.059375
1 0.25390625 0.23125 0.1671875 0.046875
1 0.30390625 0.07265625 0.1390625 0.040625
1 0.56015625 0.08203125 0.153125 0.065625
1 0.56328125 0.2484375 0.171875 0.05
1 0.53125 0.4640625 0.1921875 0.0640625
1 0.51015625 0.88515625 0.2859375 0.103125
1 0.94296875 0.90078125 0.1140625 0.0546875
1 0.91484375 0.49453125 0.1703125 0.071875
1 0.8828125 0.23671875 0.2046875 0.0578125
1 0.84765625 0.071875 0.165625 0.0515625
0 0.1171875 0.778125 0.0609375 0.0875
0 0.1140625 0.43515625 0.0640625 0.078125
0 0.2546875 0.23359375 0.1578125 0.046875
0 0.26953125 0.07265625 0.06875 0.0515625
0 0.93125 0.23671875 0.0625 0.0734375
0 0.8640625 0.496875 0.059375 0.08125
0 0.63203125 0.25234375 0.0421875 0.05625