2 0.9375 0.76015625 0.125 0.4796875
2 0.57421875 0.746875 0.240625 0.50625
2 0.3109375 0.65625 0.1671875 0.5296875
2 0.16640625 0.578125 0.14375 0.425
1 0.05546875 0.52734375 0.1 0.3234375
1 0.58203125 0.76796875 0.0578125 0.4640625
1 0.94140625 0.7828125 0.0328125 0.43125
1 0.315625 0.65625 0.0390625 0.4921875
1 0.1609375 0.58046875 0.021875 0.3828125
1 0.05 0.53125 0.034375 0.2859375
0 0.17578125 0.47734375 0.06875 0.125
0 0.5828125 0.77265625 0.0796875 0.4453125
0 0.1625 0.06328125 0.0359375 0.1265625