2 0.10234375 0.2203125 0.1390625 0.1890625
2 0.40703125 0.2296875 0.13125 0.1875
2 0.6578125 0.24296875 0.1265625 0.1859375
2 0.86953125 0.23125 0.134375 0.18125
2 0.109375 0.434375 0.1359375 0.1828125
2 0.40234375 0.43984375 0.1234375 0.175
2 0.646875 0.45390625 0.1390625 0.1734375
2 0.8734375 0.44609375 0.1359375 0.171875
2 0.1109375 0.66328125 0.134375 0.1796875
1 0.1015625 0.2203125 0.025 0.178125
1 0.40703125 0.23125 0.0375 0.1765625
1 0.66953125 0.24375 0.028125 0.171875
1 0.8640625 0.23203125 0.0390625 0.16875
1 0.11640625 0.4359375 0.034375 0.171875
1 0.41171875 0.440625 0.03125 0.1640625
1 0.64296875 0.4546875 0.028125 0.1640625
1 0.87265625 0.446875 0.0328125 0.1609375
1 0.10859375 0.6640625 0.0359375 0.165625
0 0.87109375 0.4453125 0.05 0.028125
0 0.4109375 0.16640625 0.0515625 0.046875