2 0.15625 0.071875 0.184375 0.14375
2 0.45 0.06640625 0.1875 0.1328125
2 0.77109375 0.04375 0.2140625 0.0875
2 0.0765625 0.30625 0.153125 0.23125
2 0.43046875 0.2796875 0.2125 0.228125
2 0.825 0.21015625 0.2359375 0.2296875
2 0.034375 0.6890625 0.06875 0.259375
2 0.3859375 0.65859375 0.2984375 0.2859375
2 0.87109375 0.6296875 0.2578125 0.28125
1 0.15859375 0.05703125 0.1796875 0.0375
0 0.496875 0.02421875 0.0609375 0.04375
0 0.7546875 0.2140625 0.075 0.0546875
0 0.87109375 0.2 0.11875 0.0609375
1 0.43984375 0.265625 0.184375 0.078125
0 0.075 0.31328125 0.15 0.0703125
0 0.03359375 0.7 0.0671875 0.0625
1 0.3859375 0.6609375 0.278125 0.09375
1 0.84765625 0.62109375 0.1984375 0.08125