2 0.2953125 0.0578125 0.134375 0.115625
2 0.490625 0.0578125 0.1375 0.115625
2 0.721875 0.0546875 0.1484375 0.109375
2 0.259375 0.22578125 0.1453125 0.1421875
2 0.48515625 0.2359375 0.146875 0.1515625
2 0.73203125 0.23046875 0.16875 0.140625
2 0.19453125 0.46640625 0.1625 0.15
2 0.13984375 0.7875 0.2015625 0.171875
2 0.47578125 0.47421875 0.15625 0.15625
2 0.4484375 0.790625 0.1953125 0.1765625
2 0.76015625 0.4515625 0.165625 0.1640625
2 0.790625 0.80078125 0.2046875 0.196875
0 0.32734375 0.05390625 0.0375 0.0671875
1 0.29375 0.04296875 0.1171875 0.028125
1 0.259375 0.23125 0.1359375 0.01875
1 0.215625 0.46640625 0.1171875 0.03125
1 0.13828125 0.78203125 0.1921875 0.059375
1 0.484375 0.46171875 0.13125 0.040625
1 0.45078125 0.79765625 0.1875 0.046875
1 0.4875 0.23203125 0.1390625 0.025
1 0.490625 0.0609375 0.1296875 0.028125
1 0.7234375 0.05078125 0.1359375 0.0484375
1 0.734375 0.2296875 0.15625 0.040625
1 0.759375 0.79453125 0.1421875 0.0421875
0 0.86015625 0.821875 0.059375 0.1390625