2 0.6359375 0.56953125 0.2453125 0.8609375
2 0.31875 0.46171875 0.1671875 0.584375
2 0.1453125 0.41484375 0.1359375 0.4453125
2 0.04375 0.40625 0.0859375 0.375
2 0.04453125 0.88203125 0.0890625 0.2359375
2 0.1359375 0.946875 0.1265625 0.10625
1 0.64765625 0.5671875 0.0453125 0.8171875
1 0.30078125 0.43984375 0.040625 0.50625
1 0.14296875 0.41328125 0.03125 0.4109375
1 0.04453125 0.4046875 0.028125 0.3484375
1 0.03203125 0.9375 0.0203125 0.125
0 0.14453125 0.95 0.0265625 0.1
0 0.04921875 0.85 0.059375 0.0984375
0 0.65 0.4953125 0.0703125 0.1046875
0 0.64765625 0.24609375 0.071875 0.190625
0 0.30078125 0.24296875 0.0765625 0.140625
0 0.14140625 0.271875 0.0484375 0.1421875