2 0.85234375 0.20703125 0.2953125 0.171875
2 0.865625 0.521875 0.26875 0.18125
2 0.87890625 0.85078125 0.2421875 0.1921875
2 0.25390625 0.23359375 0.5078125 0.1765625
2 0.26171875 0.53984375 0.5234375 0.1890625
2 0.275 0.8828125 0.55 0.20625
1 0.86171875 0.2109375 0.2765625 0.0390625
1 0.24453125 0.234375 0.4890625 0.0390625
1 0.8765625 0.525 0.246875 0.04375
1 0.2515625 0.5453125 0.503125 0.0390625
1 0.89609375 0.85546875 0.2078125 0.0421875
1 0.2609375 0.88125 0.521875 0.0765625
0 0.096875 0.87421875 0.15 0.059375
0 0.3640625 0.86015625 0.153125 0.0453125