2 0.1328125 0.54453125 0.246875 0.23125
2 0.56171875 0.609375 0.2609375 0.275
2 0.9328125 0.625 0.134375 0.275
2 0.559375 0.29375 0.209375 0.20625
2 0.215625 0.27578125 0.19375 0.203125
2 0.91171875 0.321875 0.1765625 0.2234375
2 0.8984375 0.12890625 0.203125 0.19375
2 0.57890625 0.08359375 0.1765625 0.1671875
2 0.2921875 0.0765625 0.165625 0.153125
1 0.93828125 0.60625 0.1234375 0.059375
1 0.565625 0.609375 0.2421875 0.06875
1 0.13125 0.553125 0.2296875 0.0578125
1 0.2140625 0.28125 0.178125 0.040625
1 0.55859375 0.30390625 0.19375 0.059375
1 0.91484375 0.31171875 0.1703125 0.04375
1 0.89296875 0.13515625 0.184375 0.0484375
1 0.57890625 0.07890625 0.159375 0.046875
1 0.29296875 0.06171875 0.1546875 0.0359375
0 0.12734375 0.553125 0.2140625 0.0546875
0 0.95703125 0.60859375 0.0578125 0.075
0 0.07265625 0.97265625 0.1453125 0.0546875