2 0.8046875 0.1625 0.3171875 0.2328125
2 0.5828125 0.23046875 0.3375 0.2375
2 0.30703125 0.31015625 0.34375 0.2484375
2 0.08984375 0.4140625 0.1796875 0.2171875
2 0.24296875 0.65234375 0.3515625 0.253125
2 0.56171875 0.55625 0.34375 0.2390625
2 0.8296875 0.4671875 0.328125 0.234375
2 0.50546875 0.884375 0.3484375 0.23125
2 0.80859375 0.78671875 0.321875 0.259375
1 0.8171875 0.1625 0.190625 0.1875
1 0.58046875 0.23359375 0.20625 0.1921875
1 0.30234375 0.31328125 0.2078125 0.1875
1 0.05859375 0.4390625 0.1171875 0.1203125
1 0.23515625 0.6578125 0.2109375 0.1859375
1 0.5546875 0.553125 0.20625 0.19375
1 0.8375 0.46484375 0.1984375 0.1921875
1 0.8203125 0.78515625 0.20625 0.1953125
1 0.52421875 0.88828125 0.2546875 0.1875
0 0.83046875 0.76640625 0.0984375 0.0359375