2 0.075 0.92265625 0.15 0.1546875
2 0.13984375 0.5546875 0.2390625 0.2265625
2 0.22109375 0.2953125 0.19375 0.184375
2 0.28046875 0.11015625 0.16875 0.15625
2 0.55859375 0.121875 0.16875 0.1578125
2 0.55859375 0.32890625 0.1953125 0.2046875
2 0.528125 0.6 0.228125 0.253125
2 0.86796875 0.13984375 0.1890625 0.178125
2 0.896875 0.33671875 0.20625 0.2015625
2 0.92734375 0.653125 0.1453125 0.265625
1 0.28125 0.11484375 0.153125 0.040625
1 0.221875 0.3 0.18125 0.0421875
1 0.14140625 0.54609375 0.2203125 0.059375
0 0.07109375 0.96640625 0.1421875 0.0671875
1 0.55859375 0.13046875 0.159375 0.0515625
1 0.5609375 0.32734375 0.1921875 0.0546875
1 0.52734375 0.5875 0.2140625 0.0640625
1 0.86875 0.12421875 0.18125 0.0421875
1 0.9 0.31484375 0.2 0.0546875
1 0.93125 0.640625 0.1375 0.0625
0 0.225 0.29921875 0.1796875 0.0390625
0 0.2796875 0.11171875 0.15 0.053125
0 0.53359375 0.13515625 0.1171875 0.0484375
1 0.83984375 0.0140625 0.1484375 0.028125
0 0.9625 0.315625 0.0625 0.0828125
0 0.8640625 0.3140625 0.1234375 0.0828125
0 0.9 0.63984375 0.0703125 0.090625
0 0.6359375 0.328125 0.0359375 0.0765625