2 0.88828125 0.53203125 0.2234375 0.9359375
2 0.51015625 0.58125 0.228125 0.7328125
2 0.26640625 0.58515625 0.15625 0.51875
2 0.1484375 0.48671875 0.103125 0.40625
2 0.05703125 0.51015625 0.1015625 0.4984375
1 0.50546875 0.58125 0.04375 0.678125
1 0.83125 0.5578125 0.0328125 0.8359375
1 0.28125 0.5859375 0.04375 0.4828125
1 0.14453125 0.48515625 0.0359375 0.35625
0 0.0546875 0.509375 0.0296875 0.4546875
0 0.503125 0.40234375 0.06875 0.2671875
0 0.2828125 0.58359375 0.0609375 0.475
0 0.503125 0.74453125 0.0625 0.35625