2 0.58671875 0.53125 0.2546875 0.7765625
2 0.32109375 0.5671875 0.1609375 0.5359375
2 0.1859375 0.4640625 0.1390625 0.434375
2 0.0890625 0.50625 0.1109375 0.5125
1 0.58125 0.52578125 0.0375 0.696875
1 0.3328125 0.56015625 0.0453125 0.509375
1 0.18046875 0.47109375 0.0390625 0.365625
0 0.08828125 0.51171875 0.0328125 0.4796875
0 0.58046875 0.53828125 0.0546875 0.7140625
0 0.3296875 0.5640625 0.0546875 0.5109375
0 0.17578125 0.4625 0.0390625 0.4
1 0.084375 0.5109375 0.0375 0.478125
2 0.9390625 0.50078125 0.121875 0.9984375
1 0.95390625 0.5046875 0.0546875 0.9640625