2 0.1078125 0.20390625 0.15625 0.2109375
2 0.43984375 0.21328125 0.1515625 0.2109375
2 0.72265625 0.2265625 0.1421875 0.20625
2 0.940625 0.21015625 0.11875 0.2015625
2 0.11953125 0.44296875 0.159375 0.2015625
2 0.4453125 0.45078125 0.140625 0.1984375
2 0.71640625 0.46015625 0.1578125 0.19375
2 0.9484375 0.44921875 0.103125 0.1953125
2 0.12265625 0.69921875 0.1484375 0.2
1 0.1 0.203125 0.034375 0.19375
1 0.44921875 0.2140625 0.0453125 0.1921875
1 0.73359375 0.22578125 0.0359375 0.1921875
1 0.95234375 0.21171875 0.05 0.1921875
1 0.12578125 0.446875 0.0375 0.1875
1 0.459375 0.45 0.0390625 0.184375
1 0.71796875 0.45859375 0.0484375 0.1796875
1 0.9671875 0.45078125 0.040625 0.1796875
1 0.12421875 0.70078125 0.028125 0.1890625
0 0.9625 0.44609375 0.05625 0.040625
0 0.44921875 0.1453125 0.05625 0.0578125