2 0.1421875 0.06875 0.2015625 0.1375
2 0.4125 0.05390625 0.190625 0.1078125
2 0.09140625 0.27265625 0.1828125 0.2203125
2 0.040625 0.64296875 0.08125 0.2703125
2 0.4140625 0.2453125 0.2203125 0.234375
2 0.7796875 0.2015625 0.2421875 0.215625
2 0.8640625 0.51640625 0.271875 0.2703125
2 0.4109375 0.609375 0.2578125 0.28125
1 0.4203125 0.58515625 0.2171875 0.08125
1 0.86640625 0.509375 0.2515625 0.075
1 0.7796875 0.196875 0.2265625 0.0796875
1 0.4140625 0.24453125 0.20625 0.0578125
1 0.0359375 0.63671875 0.0703125 0.05625
1 0.08828125 0.28203125 0.1734375 0.065625
1 0.13828125 0.02578125 0.175 0.0515625
1 0.41328125 0.02734375 0.175 0.0546875
0 0.8640625 0.5078125 0.2546875 0.05
0 0.4171875 0.24921875 0.1984375 0.046875
0 0.784375 0.19375 0.2265625 0.0796875
0 0.090625 0.284375 0.1671875 0.0546875