2 0.828125 0.315625 0.3421875 0.63125
2 0.48515625 0.2609375 0.2109375 0.521875
2 0.26953125 0.24765625 0.153125 0.4953125
2 0.14140625 0.240625 0.13125 0.4015625
2 0.040625 0.24609375 0.08125 0.3453125
2 0.04609375 0.77421875 0.0890625 0.34375
2 0.1265625 0.83828125 0.125 0.3234375
2 0.2578125 0.85546875 0.15 0.2890625
1 0.87265625 0.29609375 0.0734375 0.5921875
1 0.471875 0.25625 0.0625 0.5125
1 0.25625 0.246875 0.0546875 0.4546875
1 0.13125 0.24296875 0.034375 0.36875
1 0.05859375 0.2484375 0.0328125 0.3
1 0.03125 0.775 0.0296875 0.2875
1 0.12890625 0.859375 0.0375 0.28125
1 0.25859375 0.9 0.0328125 0.2
0 0.2578125 0.1296875 0.05625 0.1171875