2 0.8109375 0.25234375 0.178125 0.2046875
2 0.5875 0.265625 0.1859375 0.20625
2 0.315625 0.2765625 0.1953125 0.2109375
2 0.06328125 0.2875 0.1265625 0.215625
2 0.08125 0.540625 0.1625 0.2125
2 0.3796875 0.52109375 0.19375 0.20625
2 0.6484375 0.50078125 0.1765625 0.1953125
2 0.8703125 0.4796875 0.175 0.1984375
2 0.13203125 0.784375 0.2015625 0.2171875
2 0.440625 0.75078125 0.1671875 0.209375
2 0.6953125 0.72265625 0.171875 0.203125
2 0.91875 0.70703125 0.1625 0.1953125
1 0.821875 0.2515625 0.0578125 0.1875
1 0.5859375 0.26640625 0.071875 0.1859375
1 0.31171875 0.278125 0.08125 0.1890625
1 0.034375 0.29921875 0.06875 0.1796875
1 0.05234375 0.5421875 0.0796875 0.1875
1 0.36640625 0.52109375 0.0828125 0.1875
1 0.65234375 0.50234375 0.075 0.1828125
1 0.87578125 0.48046875 0.075 0.1796875
1 0.146875 0.78125 0.109375 0.184375
1 0.446875 0.75078125 0.0703125 0.1859375
1 0.69765625 0.721875 0.05625 0.1828125
1 0.91953125 0.71015625 0.1 0.1796875
0 0.46640625 0.740625 0.084375 0.028125
0 0.9265625 0.70703125 0.10625 0.1796875