2 0.0859375 0.19765625 0.1671875 0.2
2 0.3765625 0.20703125 0.1484375 0.2
2 0.6375 0.2078125 0.140625 0.1984375
2 0.9234375 0.2046875 0.153125 0.196875
2 0.1 0.45859375 0.159375 0.190625
2 0.375 0.4578125 0.1609375 0.1890625
2 0.64921875 0.46015625 0.14375 0.1921875
2 0.92265625 0.45625 0.15 0.15625
2 0.115625 0.6984375 0.1484375 0.1984375
2 0.38359375 0.69921875 0.1453125 0.1953125
2 0.65703125 0.709375 0.1484375 0.1890625
1 0.0859375 0.1984375 0.0484375 0.1859375
1 0.3765625 0.20625 0.04375 0.184375
1 0.63828125 0.20703125 0.04375 0.184375
1 0.9296875 0.20703125 0.046875 0.1828125
1 0.1 0.46015625 0.0296875 0.171875
1 0.37421875 0.4625 0.0328125 0.171875
1 0.64296875 0.46328125 0.040625 0.18125
1 0.93359375 0.45625 0.046875 0.140625
1 0.1171875 0.69765625 0.040625 0.1859375
1 0.3875 0.69765625 0.0375 0.175
1 0.65546875 0.709375 0.0359375 0.178125
0 0.3890625 0.734375 0.0484375 0.034375
0 0.9296875 0.225 0.0515625 0.040625