2 0.11171875 0.18671875 0.1515625 0.2
2 0.4015625 0.1921875 0.14375 0.1984375
2 0.66953125 0.1984375 0.134375 0.19375
2 0.8953125 0.2 0.1359375 0.1921875
2 0.10546875 0.4296875 0.146875 0.1875
2 0.4125 0.43359375 0.1359375 0.1875
2 0.671875 0.43359375 0.1296875 0.1859375
2 0.89609375 0.4296875 0.125 0.1828125
2 0.12734375 0.6625 0.1515625 0.1875
2 0.41875 0.65546875 0.1453125 0.1828125
2 0.66953125 0.65 0.13125 0.1796875
2 0.90234375 0.6546875 0.1390625 0.1796875
1 0.11484375 0.1875 0.0390625 0.190625
1 0.39765625 0.19375 0.021875 0.1890625
1 0.66328125 0.19921875 0.028125 0.1859375
1 0.90078125 0.20078125 0.0359375 0.184375
1 0.90703125 0.43203125 0.0265625 0.1734375
1 0.68046875 0.4359375 0.0359375 0.175
1 0.40078125 0.43359375 0.028125 0.178125
1 0.10078125 0.4296875 0.0375 0.178125
1 0.14609375 0.66171875 0.0671875 0.171875
1 0.4265625 0.65859375 0.0359375 0.1734375
1 0.675 0.65 0.03125 0.16875
1 0.89609375 0.6546875 0.0640625 0.16875
0 0.115625 0.1109375 0.05 0.021875
0 0.11640625 0.24609375 0.05 0.021875
0 0.396875 0.13359375 0.034375 0.01875
0 0.3984375 0.24453125 0.03125 0.021875
0 0.9046875 0.3625 0.0359375 0.021875
0 0.4453125 0.64765625 0.084375 0.03125
0 0.68046875 0.65390625 0.0546875 0.0359375
0 0.896875 0.65390625 0.0765625 0.175