2 0.17265625 0.09453125 0.3453125 0.1578125
2 0.6234375 0.16640625 0.4875 0.1703125
2 0.12890625 0.2625 0.2578125 0.146875
2 0.54140625 0.3328125 0.496875 0.178125
2 0.9015625 0.40625 0.196875 0.140625
2 0.06953125 0.4640625 0.1390625 0.125
2 0.43828125 0.525 0.5046875 0.1703125
2 0.859375 0.59296875 0.28125 0.1578125
2 0.30234375 0.7546875 0.50625 0.18125
2 0.8046875 0.83203125 0.390625 0.1703125
1 0.15703125 0.0921875 0.3140625 0.075
1 0.62578125 0.165625 0.409375 0.0828125
0 0.97421875 0.23359375 0.0515625 0.046875
1 0.1109375 0.26796875 0.221875 0.05625
1 0.55 0.33203125 0.421875 0.0984375
1 0.92421875 0.39921875 0.1515625 0.04375
1 0.05546875 0.47109375 0.1109375 0.0359375
1 0.434375 0.5296875 0.428125 0.0859375
1 0.8828125 0.5921875 0.234375 0.0546875
0 0.95859375 0.584375 0.0734375 0.05
1 0.30625 0.75625 0.4421875 0.0828125
1 0.82421875 0.81875 0.3515625 0.053125